# Observable End terrain around two small outer islands.
# Seed: 2714024796 (signed -1580942500).
# Format: X Y Z 1=end-stone, 0=air.
-1020 64 -903 0
-1020 65 -903 0
-1020 66 -903 0
-1020 67 -903 0
-1020 68 -903 0
-1020 69 -903 0
-1020 70 -903 0
-1020 71 -903 0
-1020 72 -903 0
-1019 64 -903 0
-1019 65 -903 0
-1019 66 -903 0
-1019 67 -903 0
-1019 68 -903 0
-1019 69 -903 0
-1019 70 -903 0
-1019 71 -903 0
-1019 72 -903 0
-1018 64 -903 0
-1018 65 -903 0
-1018 66 -903 0
-1018 67 -903 0
-1018 68 -903 0
-1018 69 -903 0
-1018 70 -903 0
-1018 71 -903 0
-1018 72 -903 0
-1017 64 -903 0
-1017 65 -903 0
-1017 66 -903 0
-1017 67 -903 0
-1017 68 -903 0
-1017 69 -903 0
-1017 70 -903 0
-1017 71 -903 0
-1017 72 -903 0
-1016 64 -903 0
-1016 65 -903 0
-1016 66 -903 0
-1016 67 -903 0
-1016 68 -903 0
-1016 69 -903 0
-1016 70 -903 0
-1016 71 -903 0
-1016 72 -903 0
-1015 64 -903 0
-1015 65 -903 0
-1015 66 -903 0
-1015 67 -903 0
-1015 68 -903 0
-1015 69 -903 0
-1015 70 -903 0
-1015 71 -903 0
-1015 72 -903 0
-1014 64 -903 0
-1014 65 -903 0
-1014 66 -903 0
-1014 67 -903 0
-1014 68 -903 0
-1014 69 -903 0
-1014 70 -903 0
-1014 71 -903 0
-1014 72 -903 0
-1013 64 -903 0
-1013 65 -903 0
-1013 66 -903 0
-1013 67 -903 0
-1013 68 -903 0
-1013 69 -903 0
-1013 70 -903 0
-1013 71 -903 0
-1013 72 -903 0
-1012 64 -903 0
-1012 65 -903 0
-1012 66 -903 0
-1012 67 -903 0
-1012 68 -903 0
-1012 69 -903 0
-1012 70 -903 0
-1012 71 -903 0
-1012 72 -903 0
-1011 64 -903 0
-1011 65 -903 0
-1011 66 -903 0
-1011 67 -903 0
-1011 68 -903 0
-1011 69 -903 0
-1011 70 -903 0
-1011 71 -903 0
-1011 72 -903 0
-1010 64 -903 0
-1010 65 -903 0
-1010 66 -903 0
-1010 67 -903 0
-1010 68 -903 0
-1010 69 -903 0
-1010 70 -903 0
-1010 71 -903 0
-1010 72 -903 0
-1009 64 -903 0
-1009 65 -903 0
-1009 66 -903 0
-1009 67 -903 0
-1009 68 -903 0
-1009 69 -903 0
-1009 70 -903 0
-1009 71 -903 0
-1009 72 -903 0
-1008 64 -903 0
-1008 65 -903 0
-1008 66 -903 0
-1008 67 -903 0
-1008 68 -903 0
-1008 69 -903 0
-1008 70 -903 0
-1008 71 -903 0
-1008 72 -903 0
-1020 64 -902 0
-1020 65 -902 0
-1020 66 -902 0
-1020 67 -902 0
-1020 68 -902 0
-1020 69 -902 0
-1020 70 -902 0
-1020 71 -902 0
-1020 72 -902 0
-1019 64 -902 0
-1019 65 -902 0
-1019 66 -902 0
-1019 67 -902 0
-1019 68 -902 0
-1019 69 -902 0
-1019 70 -902 0
-1019 71 -902 0
-1019 72 -902 0
-1018 64 -902 0
-1018 65 -902 0
-1018 66 -902 0
-1018 67 -902 0
-1018 68 -902 0
-1018 69 -902 0
-1018 70 -902 0
-1018 71 -902 0
-1018 72 -902 0
-1017 64 -902 0
-1017 65 -902 0
-1017 66 -902 0
-1017 67 -902 0
-1017 68 -902 0
-1017 69 -902 0
-1017 70 -902 0
-1017 71 -902 0
-1017 72 -902 0
-1016 64 -902 0
-1016 65 -902 0
-1016 66 -902 0
-1016 67 -902 0
-1016 68 -902 0
-1016 69 -902 0
-1016 70 -902 0
-1016 71 -902 0
-1016 72 -902 0
-1015 64 -902 0
-1015 65 -902 0
-1015 66 -902 0
-1015 67 -902 0
-1015 68 -902 0
-1015 69 -902 0
-1015 70 -902 0
-1015 71 -902 0
-1015 72 -902 0
-1014 64 -902 0
-1014 65 -902 0
-1014 66 -902 0
-1014 67 -902 0
-1014 68 -902 0
-1014 69 -902 0
-1014 70 -902 0
-1014 71 -902 0
-1014 72 -902 0
-1013 64 -902 0
-1013 65 -902 0
-1013 66 -902 0
-1013 67 -902 0
-1013 68 -902 0
-1013 69 -902 0
-1013 70 -902 0
-1013 71 -902 0
-1013 72 -902 0
-1012 64 -902 0
-1012 65 -902 0
-1012 66 -902 0
-1012 67 -902 0
-1012 68 -902 0
-1012 69 -902 0
-1012 70 -902 0
-1012 71 -902 0
-1012 72 -902 0
-1011 64 -902 0
-1011 65 -902 0
-1011 66 -902 0
-1011 67 -902 0
-1011 68 -902 0
-1011 69 -902 0
-1011 70 -902 0
-1011 71 -902 0
-1011 72 -902 0
-1010 64 -902 0
-1010 65 -902 0
-1010 66 -902 0
-1010 67 -902 0
-1010 68 -902 0
-1010 69 -902 0
-1010 70 -902 0
-1010 71 -902 0
-1010 72 -902 0
-1009 64 -902 0
-1009 65 -902 0
-1009 66 -902 0
-1009 67 -902 0
-1009 68 -902 0
-1009 69 -902 0
-1009 70 -902 0
-1009 71 -902 0
-1009 72 -902 0
-1008 64 -902 0
-1008 65 -902 0
-1008 66 -902 0
-1008 67 -902 0
-1008 68 -902 0
-1008 69 -902 0
-1008 70 -902 0
-1008 71 -902 0
-1008 72 -902 0
-1020 64 -901 0
-1020 65 -901 0
-1020 66 -901 0
-1020 67 -901 0
-1020 68 -901 0
-1020 69 -901 0
-1020 70 -901 0
-1020 71 -901 0
-1020 72 -901 0
-1019 64 -901 0
-1019 65 -901 0
-1019 66 -901 0
-1019 67 -901 0
-1019 68 -901 0
-1019 69 -901 0
-1019 70 -901 0
-1019 71 -901 0
-1019 72 -901 0
-1018 64 -901 0
-1018 65 -901 0
-1018 66 -901 0
-1018 67 -901 0
-1018 68 -901 0
-1018 69 -901 0
-1018 70 -901 0
-1018 71 -901 0
-1018 72 -901 0
-1017 64 -901 0
-1017 65 -901 0
-1017 66 -901 0
-1017 67 -901 0
-1017 68 -901 0
-1017 69 -901 0
-1017 70 -901 1
-1017 71 -901 0
-1017 72 -901 0
-1016 64 -901 0
-1016 65 -901 0
-1016 66 -901 0
-1016 67 -901 0
-1016 68 -901 0
-1016 69 -901 1
-1016 70 -901 1
-1016 71 -901 0
-1016 72 -901 0
-1015 64 -901 0
-1015 65 -901 0
-1015 66 -901 0
-1015 67 -901 0
-1015 68 -901 0
-1015 69 -901 1
-1015 70 -901 1
-1015 71 -901 0
-1015 72 -901 0
-1014 64 -901 0
-1014 65 -901 0
-1014 66 -901 0
-1014 67 -901 0
-1014 68 -901 0
-1014 69 -901 1
-1014 70 -901 1
-1014 71 -901 0
-1014 72 -901 0
-1013 64 -901 0
-1013 65 -901 0
-1013 66 -901 0
-1013 67 -901 0
-1013 68 -901 0
-1013 69 -901 1
-1013 70 -901 1
-1013 71 -901 0
-1013 72 -901 0
-1012 64 -901 0
-1012 65 -901 0
-1012 66 -901 0
-1012 67 -901 0
-1012 68 -901 0
-1012 69 -901 1
-1012 70 -901 1
-1012 71 -901 0
-1012 72 -901 0
-1011 64 -901 0
-1011 65 -901 0
-1011 66 -901 0
-1011 67 -901 0
-1011 68 -901 0
-1011 69 -901 0
-1011 70 -901 1
-1011 71 -901 0
-1011 72 -901 0
-1010 64 -901 0
-1010 65 -901 0
-1010 66 -901 0
-1010 67 -901 0
-1010 68 -901 0
-1010 69 -901 0
-1010 70 -901 0
-1010 71 -901 0
-1010 72 -901 0
-1009 64 -901 0
-1009 65 -901 0
-1009 66 -901 0
-1009 67 -901 0
-1009 68 -901 0
-1009 69 -901 0
-1009 70 -901 0
-1009 71 -901 0
-1009 72 -901 0
-1008 64 -901 0
-1008 65 -901 0
-1008 66 -901 0
-1008 67 -901 0
-1008 68 -901 0
-1008 69 -901 0
-1008 70 -901 0
-1008 71 -901 0
-1008 72 -901 0
-1020 64 -900 0
-1020 65 -900 0
-1020 66 -900 0
-1020 67 -900 0
-1020 68 -900 0
-1020 69 -900 0
-1020 70 -900 0
-1020 71 -900 0
-1020 72 -900 0
-1019 64 -900 0
-1019 65 -900 0
-1019 66 -900 0
-1019 67 -900 0
-1019 68 -900 0
-1019 69 -900 0
-1019 70 -900 0
-1019 71 -900 0
-1019 72 -900 0
-1018 64 -900 0
-1018 65 -900 0
-1018 66 -900 0
-1018 67 -900 0
-1018 68 -900 0
-1018 69 -900 0
-1018 70 -900 1
-1018 71 -900 0
-1018 72 -900 0
-1017 64 -900 0
-1017 65 -900 0
-1017 66 -900 0
-1017 67 -900 0
-1017 68 -900 0
-1017 69 -900 1
-1017 70 -900 1
-1017 71 -900 0
-1017 72 -900 0
-1016 64 -900 0
-1016 65 -900 0
-1016 66 -900 0
-1016 67 -900 0
-1016 68 -900 0
-1016 69 -900 1
-1016 70 -900 1
-1016 71 -900 0
-1016 72 -900 0
-1015 64 -900 0
-1015 65 -900 0
-1015 66 -900 0
-1015 67 -900 0
-1015 68 -900 0
-1015 69 -900 1
-1015 70 -900 1
-1015 71 -900 0
-1015 72 -900 0
-1014 64 -900 0
-1014 65 -900 0
-1014 66 -900 0
-1014 67 -900 0
-1014 68 -900 0
-1014 69 -900 1
-1014 70 -900 1
-1014 71 -900 0
-1014 72 -900 0
-1013 64 -900 0
-1013 65 -900 0
-1013 66 -900 0
-1013 67 -900 0
-1013 68 -900 0
-1013 69 -900 1
-1013 70 -900 1
-1013 71 -900 0
-1013 72 -900 0
-1012 64 -900 0
-1012 65 -900 0
-1012 66 -900 0
-1012 67 -900 0
-1012 68 -900 0
-1012 69 -900 1
-1012 70 -900 1
-1012 71 -900 0
-1012 72 -900 0
-1011 64 -900 0
-1011 65 -900 0
-1011 66 -900 0
-1011 67 -900 0
-1011 68 -900 0
-1011 69 -900 1
-1011 70 -900 1
-1011 71 -900 0
-1011 72 -900 0
-1010 64 -900 0
-1010 65 -900 0
-1010 66 -900 0
-1010 67 -900 0
-1010 68 -900 0
-1010 69 -900 0
-1010 70 -900 1
-1010 71 -900 0
-1010 72 -900 0
-1009 64 -900 0
-1009 65 -900 0
-1009 66 -900 0
-1009 67 -900 0
-1009 68 -900 0
-1009 69 -900 0
-1009 70 -900 0
-1009 71 -900 0
-1009 72 -900 0
-1008 64 -900 0
-1008 65 -900 0
-1008 66 -900 0
-1008 67 -900 0
-1008 68 -900 0
-1008 69 -900 0
-1008 70 -900 0
-1008 71 -900 0
-1008 72 -900 0
-1020 64 -899 0
-1020 65 -899 0
-1020 66 -899 0
-1020 67 -899 0
-1020 68 -899 0
-1020 69 -899 0
-1020 70 -899 0
-1020 71 -899 0
-1020 72 -899 0
-1019 64 -899 0
-1019 65 -899 0
-1019 66 -899 0
-1019 67 -899 0
-1019 68 -899 0
-1019 69 -899 0
-1019 70 -899 0
-1019 71 -899 0
-1019 72 -899 0
-1018 64 -899 0
-1018 65 -899 0
-1018 66 -899 0
-1018 67 -899 0
-1018 68 -899 0
-1018 69 -899 1
-1018 70 -899 1
-1018 71 -899 0
-1018 72 -899 0
-1017 64 -899 0
-1017 65 -899 0
-1017 66 -899 0
-1017 67 -899 0
-1017 68 -899 0
-1017 69 -899 1
-1017 70 -899 1
-1017 71 -899 0
-1017 72 -899 0
-1016 64 -899 0
-1016 65 -899 0
-1016 66 -899 0
-1016 67 -899 0
-1016 68 -899 1
-1016 69 -899 1
-1016 70 -899 1
-1016 71 -899 0
-1016 72 -899 0
-1015 64 -899 0
-1015 65 -899 0
-1015 66 -899 0
-1015 67 -899 0
-1015 68 -899 1
-1015 69 -899 1
-1015 70 -899 1
-1015 71 -899 0
-1015 72 -899 0
-1014 64 -899 0
-1014 65 -899 0
-1014 66 -899 0
-1014 67 -899 0
-1014 68 -899 1
-1014 69 -899 1
-1014 70 -899 1
-1014 71 -899 0
-1014 72 -899 0
-1013 64 -899 0
-1013 65 -899 0
-1013 66 -899 0
-1013 67 -899 0
-1013 68 -899 1
-1013 69 -899 1
-1013 70 -899 1
-1013 71 -899 0
-1013 72 -899 0
-1012 64 -899 0
-1012 65 -899 0
-1012 66 -899 0
-1012 67 -899 0
-1012 68 -899 1
-1012 69 -899 1
-1012 70 -899 1
-1012 71 -899 0
-1012 72 -899 0
-1011 64 -899 0
-1011 65 -899 0
-1011 66 -899 0
-1011 67 -899 0
-1011 68 -899 0
-1011 69 -899 1
-1011 70 -899 1
-1011 71 -899 0
-1011 72 -899 0
-1010 64 -899 0
-1010 65 -899 0
-1010 66 -899 0
-1010 67 -899 0
-1010 68 -899 0
-1010 69 -899 1
-1010 70 -899 1
-1010 71 -899 0
-1010 72 -899 0
-1009 64 -899 0
-1009 65 -899 0
-1009 66 -899 0
-1009 67 -899 0
-1009 68 -899 0
-1009 69 -899 0
-1009 70 -899 0
-1009 71 -899 0
-1009 72 -899 0
-1008 64 -899 0
-1008 65 -899 0
-1008 66 -899 0
-1008 67 -899 0
-1008 68 -899 0
-1008 69 -899 0
-1008 70 -899 0
-1008 71 -899 0
-1008 72 -899 0
-1020 64 -898 0
-1020 65 -898 0
-1020 66 -898 0
-1020 67 -898 0
-1020 68 -898 0
-1020 69 -898 0
-1020 70 -898 0
-1020 71 -898 0
-1020 72 -898 0
-1019 64 -898 0
-1019 65 -898 0
-1019 66 -898 0
-1019 67 -898 0
-1019 68 -898 0
-1019 69 -898 0
-1019 70 -898 0
-1019 71 -898 0
-1019 72 -898 0
-1018 64 -898 0
-1018 65 -898 0
-1018 66 -898 0
-1018 67 -898 0
-1018 68 -898 0
-1018 69 -898 1
-1018 70 -898 1
-1018 71 -898 0
-1018 72 -898 0
-1017 64 -898 0
-1017 65 -898 0
-1017 66 -898 0
-1017 67 -898 0
-1017 68 -898 0
-1017 69 -898 1
-1017 70 -898 1
-1017 71 -898 0
-1017 72 -898 0
-1016 64 -898 0
-1016 65 -898 0
-1016 66 -898 0
-1016 67 -898 0
-1016 68 -898 1
-1016 69 -898 1
-1016 70 -898 1
-1016 71 -898 0
-1016 72 -898 0
-1015 64 -898 0
-1015 65 -898 0
-1015 66 -898 0
-1015 67 -898 0
-1015 68 -898 1
-1015 69 -898 1
-1015 70 -898 1
-1015 71 -898 0
-1015 72 -898 0
-1014 64 -898 0
-1014 65 -898 0
-1014 66 -898 0
-1014 67 -898 0
-1014 68 -898 1
-1014 69 -898 1
-1014 70 -898 1
-1014 71 -898 0
-1014 72 -898 0
-1013 64 -898 0
-1013 65 -898 0
-1013 66 -898 0
-1013 67 -898 0
-1013 68 -898 1
-1013 69 -898 1
-1013 70 -898 1
-1013 71 -898 0
-1013 72 -898 0
-1012 64 -898 0
-1012 65 -898 0
-1012 66 -898 0
-1012 67 -898 0
-1012 68 -898 1
-1012 69 -898 1
-1012 70 -898 1
-1012 71 -898 0
-1012 72 -898 0
-1011 64 -898 0
-1011 65 -898 0
-1011 66 -898 0
-1011 67 -898 0
-1011 68 -898 0
-1011 69 -898 1
-1011 70 -898 1
-1011 71 -898 0
-1011 72 -898 0
-1010 64 -898 0
-1010 65 -898 0
-1010 66 -898 0
-1010 67 -898 0
-1010 68 -898 0
-1010 69 -898 1
-1010 70 -898 1
-1010 71 -898 0
-1010 72 -898 0
-1009 64 -898 0
-1009 65 -898 0
-1009 66 -898 0
-1009 67 -898 0
-1009 68 -898 0
-1009 69 -898 0
-1009 70 -898 0
-1009 71 -898 0
-1009 72 -898 0
-1008 64 -898 0
-1008 65 -898 0
-1008 66 -898 0
-1008 67 -898 0
-1008 68 -898 0
-1008 69 -898 0
-1008 70 -898 0
-1008 71 -898 0
-1008 72 -898 0
-1020 64 -897 0
-1020 65 -897 0
-1020 66 -897 0
-1020 67 -897 0
-1020 68 -897 0
-1020 69 -897 0
-1020 70 -897 0
-1020 71 -897 0
-1020 72 -897 0
-1019 64 -897 0
-1019 65 -897 0
-1019 66 -897 0
-1019 67 -897 0
-1019 68 -897 0
-1019 69 -897 0
-1019 70 -897 0
-1019 71 -897 0
-1019 72 -897 0
-1018 64 -897 0
-1018 65 -897 0
-1018 66 -897 0
-1018 67 -897 0
-1018 68 -897 0
-1018 69 -897 1
-1018 70 -897 1
-1018 71 -897 0
-1018 72 -897 0
-1017 64 -897 0
-1017 65 -897 0
-1017 66 -897 0
-1017 67 -897 0
-1017 68 -897 0
-1017 69 -897 1
-1017 70 -897 1
-1017 71 -897 0
-1017 72 -897 0
-1016 64 -897 0
-1016 65 -897 0
-1016 66 -897 0
-1016 67 -897 0
-1016 68 -897 1
-1016 69 -897 1
-1016 70 -897 1
-1016 71 -897 0
-1016 72 -897 0
-1015 64 -897 0
-1015 65 -897 0
-1015 66 -897 0
-1015 67 -897 0
-1015 68 -897 1
-1015 69 -897 1
-1015 70 -897 1
-1015 71 -897 0
-1015 72 -897 0
-1014 64 -897 0
-1014 65 -897 0
-1014 66 -897 0
-1014 67 -897 0
-1014 68 -897 1
-1014 69 -897 1
-1014 70 -897 1
-1014 71 -897 0
-1014 72 -897 0
-1013 64 -897 0
-1013 65 -897 0
-1013 66 -897 0
-1013 67 -897 0
-1013 68 -897 1
-1013 69 -897 1
-1013 70 -897 1
-1013 71 -897 0
-1013 72 -897 0
-1012 64 -897 0
-1012 65 -897 0
-1012 66 -897 0
-1012 67 -897 0
-1012 68 -897 1
-1012 69 -897 1
-1012 70 -897 1
-1012 71 -897 0
-1012 72 -897 0
-1011 64 -897 0
-1011 65 -897 0
-1011 66 -897 0
-1011 67 -897 0
-1011 68 -897 0
-1011 69 -897 1
-1011 70 -897 1
-1011 71 -897 0
-1011 72 -897 0
-1010 64 -897 0
-1010 65 -897 0
-1010 66 -897 0
-1010 67 -897 0
-1010 68 -897 0
-1010 69 -897 1
-1010 70 -897 1
-1010 71 -897 0
-1010 72 -897 0
-1009 64 -897 0
-1009 65 -897 0
-1009 66 -897 0
-1009 67 -897 0
-1009 68 -897 0
-1009 69 -897 0
-1009 70 -897 0
-1009 71 -897 0
-1009 72 -897 0
-1008 64 -897 0
-1008 65 -897 0
-1008 66 -897 0
-1008 67 -897 0
-1008 68 -897 0
-1008 69 -897 0
-1008 70 -897 0
-1008 71 -897 0
-1008 72 -897 0
-1020 64 -896 0
-1020 65 -896 0
-1020 66 -896 0
-1020 67 -896 0
-1020 68 -896 0
-1020 69 -896 0
-1020 70 -896 0
-1020 71 -896 0
-1020 72 -896 0
-1019 64 -896 0
-1019 65 -896 0
-1019 66 -896 0
-1019 67 -896 0
-1019 68 -896 0
-1019 69 -896 0
-1019 70 -896 0
-1019 71 -896 0
-1019 72 -896 0
-1018 64 -896 0
-1018 65 -896 0
-1018 66 -896 0
-1018 67 -896 0
-1018 68 -896 0
-1018 69 -896 1
-1018 70 -896 1
-1018 71 -896 0
-1018 72 -896 0
-1017 64 -896 0
-1017 65 -896 0
-1017 66 -896 0
-1017 67 -896 0
-1017 68 -896 0
-1017 69 -896 1
-1017 70 -896 1
-1017 71 -896 0
-1017 72 -896 0
-1016 64 -896 0
-1016 65 -896 0
-1016 66 -896 0
-1016 67 -896 0
-1016 68 -896 1
-1016 69 -896 1
-1016 70 -896 1
-1016 71 -896 0
-1016 72 -896 0
-1015 64 -896 0
-1015 65 -896 0
-1015 66 -896 0
-1015 67 -896 0
-1015 68 -896 1
-1015 69 -896 1
-1015 70 -896 1
-1015 71 -896 0
-1015 72 -896 0
-1014 64 -896 0
-1014 65 -896 0
-1014 66 -896 0
-1014 67 -896 0
-1014 68 -896 1
-1014 69 -896 1
-1014 70 -896 1
-1014 71 -896 0
-1014 72 -896 0
-1013 64 -896 0
-1013 65 -896 0
-1013 66 -896 0
-1013 67 -896 0
-1013 68 -896 1
-1013 69 -896 1
-1013 70 -896 1
-1013 71 -896 0
-1013 72 -896 0
-1012 64 -896 0
-1012 65 -896 0
-1012 66 -896 0
-1012 67 -896 0
-1012 68 -896 1
-1012 69 -896 1
-1012 70 -896 1
-1012 71 -896 0
-1012 72 -896 0
-1011 64 -896 0
-1011 65 -896 0
-1011 66 -896 0
-1011 67 -896 0
-1011 68 -896 0
-1011 69 -896 1
-1011 70 -896 1
-1011 71 -896 0
-1011 72 -896 0
-1010 64 -896 0
-1010 65 -896 0
-1010 66 -896 0
-1010 67 -896 0
-1010 68 -896 0
-1010 69 -896 1
-1010 70 -896 1
-1010 71 -896 0
-1010 72 -896 0
-1009 64 -896 0
-1009 65 -896 0
-1009 66 -896 0
-1009 67 -896 0
-1009 68 -896 0
-1009 69 -896 0
-1009 70 -896 0
-1009 71 -896 0
-1009 72 -896 0
-1008 64 -896 0
-1008 65 -896 0
-1008 66 -896 0
-1008 67 -896 0
-1008 68 -896 0
-1008 69 -896 0
-1008 70 -896 0
-1008 71 -896 0
-1008 72 -896 0
-1020 64 -895 0
-1020 65 -895 0
-1020 66 -895 0
-1020 67 -895 0
-1020 68 -895 0
-1020 69 -895 0
-1020 70 -895 0
-1020 71 -895 0
-1020 72 -895 0
-1019 64 -895 0
-1019 65 -895 0
-1019 66 -895 0
-1019 67 -895 0
-1019 68 -895 0
-1019 69 -895 0
-1019 70 -895 0
-1019 71 -895 0
-1019 72 -895 0
-1018 64 -895 0
-1018 65 -895 0
-1018 66 -895 0
-1018 67 -895 0
-1018 68 -895 0
-1018 69 -895 1
-1018 70 -895 1
-1018 71 -895 0
-1018 72 -895 0
-1017 64 -895 0
-1017 65 -895 0
-1017 66 -895 0
-1017 67 -895 0
-1017 68 -895 0
-1017 69 -895 1
-1017 70 -895 1
-1017 71 -895 0
-1017 72 -895 0
-1016 64 -895 0
-1016 65 -895 0
-1016 66 -895 0
-1016 67 -895 0
-1016 68 -895 1
-1016 69 -895 1
-1016 70 -895 1
-1016 71 -895 0
-1016 72 -895 0
-1015 64 -895 0
-1015 65 -895 0
-1015 66 -895 0
-1015 67 -895 0
-1015 68 -895 1
-1015 69 -895 1
-1015 70 -895 1
-1015 71 -895 0
-1015 72 -895 0
-1014 64 -895 0
-1014 65 -895 0
-1014 66 -895 0
-1014 67 -895 0
-1014 68 -895 1
-1014 69 -895 1
-1014 70 -895 1
-1014 71 -895 0
-1014 72 -895 0
-1013 64 -895 0
-1013 65 -895 0
-1013 66 -895 0
-1013 67 -895 0
-1013 68 -895 1
-1013 69 -895 1
-1013 70 -895 1
-1013 71 -895 0
-1013 72 -895 0
-1012 64 -895 0
-1012 65 -895 0
-1012 66 -895 0
-1012 67 -895 0
-1012 68 -895 1
-1012 69 -895 1
-1012 70 -895 1
-1012 71 -895 0
-1012 72 -895 0
-1011 64 -895 0
-1011 65 -895 0
-1011 66 -895 0
-1011 67 -895 0
-1011 68 -895 0
-1011 69 -895 1
-1011 70 -895 1
-1011 71 -895 0
-1011 72 -895 0
-1010 64 -895 0
-1010 65 -895 0
-1010 66 -895 0
-1010 67 -895 0
-1010 68 -895 0
-1010 69 -895 1
-1010 70 -895 1
-1010 71 -895 0
-1010 72 -895 0
-1009 64 -895 0
-1009 65 -895 0
-1009 66 -895 0
-1009 67 -895 0
-1009 68 -895 0
-1009 69 -895 0
-1009 70 -895 0
-1009 71 -895 0
-1009 72 -895 0
-1008 64 -895 0
-1008 65 -895 0
-1008 66 -895 0
-1008 67 -895 0
-1008 68 -895 0
-1008 69 -895 0
-1008 70 -895 0
-1008 71 -895 0
-1008 72 -895 0
-1020 64 -894 0
-1020 65 -894 0
-1020 66 -894 0
-1020 67 -894 0
-1020 68 -894 0
-1020 69 -894 0
-1020 70 -894 0
-1020 71 -894 0
-1020 72 -894 0
-1019 64 -894 0
-1019 65 -894 0
-1019 66 -894 0
-1019 67 -894 0
-1019 68 -894 0
-1019 69 -894 0
-1019 70 -894 0
-1019 71 -894 0
-1019 72 -894 0
-1018 64 -894 0
-1018 65 -894 0
-1018 66 -894 0
-1018 67 -894 0
-1018 68 -894 0
-1018 69 -894 0
-1018 70 -894 1
-1018 71 -894 0
-1018 72 -894 0
-1017 64 -894 0
-1017 65 -894 0
-1017 66 -894 0
-1017 67 -894 0
-1017 68 -894 0
-1017 69 -894 1
-1017 70 -894 1
-1017 71 -894 0
-1017 72 -894 0
-1016 64 -894 0
-1016 65 -894 0
-1016 66 -894 0
-1016 67 -894 0
-1016 68 -894 0
-1016 69 -894 1
-1016 70 -894 1
-1016 71 -894 0
-1016 72 -894 0
-1015 64 -894 0
-1015 65 -894 0
-1015 66 -894 0
-1015 67 -894 0
-1015 68 -894 0
-1015 69 -894 1
-1015 70 -894 1
-1015 71 -894 0
-1015 72 -894 0
-1014 64 -894 0
-1014 65 -894 0
-1014 66 -894 0
-1014 67 -894 0
-1014 68 -894 0
-1014 69 -894 1
-1014 70 -894 1
-1014 71 -894 0
-1014 72 -894 0
-1013 64 -894 0
-1013 65 -894 0
-1013 66 -894 0
-1013 67 -894 0
-1013 68 -894 0
-1013 69 -894 1
-1013 70 -894 1
-1013 71 -894 0
-1013 72 -894 0
-1012 64 -894 0
-1012 65 -894 0
-1012 66 -894 0
-1012 67 -894 0
-1012 68 -894 0
-1012 69 -894 1
-1012 70 -894 1
-1012 71 -894 0
-1012 72 -894 0
-1011 64 -894 0
-1011 65 -894 0
-1011 66 -894 0
-1011 67 -894 0
-1011 68 -894 0
-1011 69 -894 1
-1011 70 -894 1
-1011 71 -894 0
-1011 72 -894 0
-1010 64 -894 0
-1010 65 -894 0
-1010 66 -894 0
-1010 67 -894 0
-1010 68 -894 0
-1010 69 -894 0
-1010 70 -894 1
-1010 71 -894 0
-1010 72 -894 0
-1009 64 -894 0
-1009 65 -894 0
-1009 66 -894 0
-1009 67 -894 0
-1009 68 -894 0
-1009 69 -894 0
-1009 70 -894 0
-1009 71 -894 0
-1009 72 -894 0
-1008 64 -894 0
-1008 65 -894 0
-1008 66 -894 0
-1008 67 -894 0
-1008 68 -894 0
-1008 69 -894 0
-1008 70 -894 0
-1008 71 -894 0
-1008 72 -894 0
-1020 64 -893 0
-1020 65 -893 0
-1020 66 -893 0
-1020 67 -893 0
-1020 68 -893 0
-1020 69 -893 0
-1020 70 -893 0
-1020 71 -893 0
-1020 72 -893 0
-1019 64 -893 0
-1019 65 -893 0
-1019 66 -893 0
-1019 67 -893 0
-1019 68 -893 0
-1019 69 -893 0
-1019 70 -893 0
-1019 71 -893 0
-1019 72 -893 0
-1018 64 -893 0
-1018 65 -893 0
-1018 66 -893 0
-1018 67 -893 0
-1018 68 -893 0
-1018 69 -893 0
-1018 70 -893 0
-1018 71 -893 0
-1018 72 -893 0
-1017 64 -893 0
-1017 65 -893 0
-1017 66 -893 0
-1017 67 -893 0
-1017 68 -893 0
-1017 69 -893 0
-1017 70 -893 1
-1017 71 -893 0
-1017 72 -893 0
-1016 64 -893 0
-1016 65 -893 0
-1016 66 -893 0
-1016 67 -893 0
-1016 68 -893 0
-1016 69 -893 1
-1016 70 -893 1
-1016 71 -893 0
-1016 72 -893 0
-1015 64 -893 0
-1015 65 -893 0
-1015 66 -893 0
-1015 67 -893 0
-1015 68 -893 0
-1015 69 -893 1
-1015 70 -893 1
-1015 71 -893 0
-1015 72 -893 0
-1014 64 -893 0
-1014 65 -893 0
-1014 66 -893 0
-1014 67 -893 0
-1014 68 -893 0
-1014 69 -893 1
-1014 70 -893 1
-1014 71 -893 0
-1014 72 -893 0
-1013 64 -893 0
-1013 65 -893 0
-1013 66 -893 0
-1013 67 -893 0
-1013 68 -893 0
-1013 69 -893 1
-1013 70 -893 1
-1013 71 -893 0
-1013 72 -893 0
-1012 64 -893 0
-1012 65 -893 0
-1012 66 -893 0
-1012 67 -893 0
-1012 68 -893 0
-1012 69 -893 1
-1012 70 -893 1
-1012 71 -893 0
-1012 72 -893 0
-1011 64 -893 0
-1011 65 -893 0
-1011 66 -893 0
-1011 67 -893 0
-1011 68 -893 0
-1011 69 -893 0
-1011 70 -893 1
-1011 71 -893 0
-1011 72 -893 0
-1010 64 -893 0
-1010 65 -893 0
-1010 66 -893 0
-1010 67 -893 0
-1010 68 -893 0
-1010 69 -893 0
-1010 70 -893 0
-1010 71 -893 0
-1010 72 -893 0
-1009 64 -893 0
-1009 65 -893 0
-1009 66 -893 0
-1009 67 -893 0
-1009 68 -893 0
-1009 69 -893 0
-1009 70 -893 0
-1009 71 -893 0
-1009 72 -893 0
-1008 64 -893 0
-1008 65 -893 0
-1008 66 -893 0
-1008 67 -893 0
-1008 68 -893 0
-1008 69 -893 0
-1008 70 -893 0
-1008 71 -893 0
-1008 72 -893 0
-1020 64 -892 0
-1020 65 -892 0
-1020 66 -892 0
-1020 67 -892 0
-1020 68 -892 0
-1020 69 -892 0
-1020 70 -892 0
-1020 71 -892 0
-1020 72 -892 0
-1019 64 -892 0
-1019 65 -892 0
-1019 66 -892 0
-1019 67 -892 0
-1019 68 -892 0
-1019 69 -892 0
-1019 70 -892 0
-1019 71 -892 0
-1019 72 -892 0
-1018 64 -892 0
-1018 65 -892 0
-1018 66 -892 0
-1018 67 -892 0
-1018 68 -892 0
-1018 69 -892 0
-1018 70 -892 0
-1018 71 -892 0
-1018 72 -892 0
-1017 64 -892 0
-1017 65 -892 0
-1017 66 -892 0
-1017 67 -892 0
-1017 68 -892 0
-1017 69 -892 0
-1017 70 -892 0
-1017 71 -892 0
-1017 72 -892 0
-1016 64 -892 0
-1016 65 -892 0
-1016 66 -892 0
-1016 67 -892 0
-1016 68 -892 0
-1016 69 -892 0
-1016 70 -892 0
-1016 71 -892 0
-1016 72 -892 0
-1015 64 -892 0
-1015 65 -892 0
-1015 66 -892 0
-1015 67 -892 0
-1015 68 -892 0
-1015 69 -892 0
-1015 70 -892 0
-1015 71 -892 0
-1015 72 -892 0
-1014 64 -892 0
-1014 65 -892 0
-1014 66 -892 0
-1014 67 -892 0
-1014 68 -892 0
-1014 69 -892 0
-1014 70 -892 0
-1014 71 -892 0
-1014 72 -892 0
-1013 64 -892 0
-1013 65 -892 0
-1013 66 -892 0
-1013 67 -892 0
-1013 68 -892 0
-1013 69 -892 0
-1013 70 -892 0
-1013 71 -892 0
-1013 72 -892 0
-1012 64 -892 0
-1012 65 -892 0
-1012 66 -892 0
-1012 67 -892 0
-1012 68 -892 0
-1012 69 -892 0
-1012 70 -892 0
-1012 71 -892 0
-1012 72 -892 0
-1011 64 -892 0
-1011 65 -892 0
-1011 66 -892 0
-1011 67 -892 0
-1011 68 -892 0
-1011 69 -892 0
-1011 70 -892 0
-1011 71 -892 0
-1011 72 -892 0
-1010 64 -892 0
-1010 65 -892 0
-1010 66 -892 0
-1010 67 -892 0
-1010 68 -892 0
-1010 69 -892 0
-1010 70 -892 0
-1010 71 -892 0
-1010 72 -892 0
-1009 64 -892 0
-1009 65 -892 0
-1009 66 -892 0
-1009 67 -892 0
-1009 68 -892 0
-1009 69 -892 0
-1009 70 -892 0
-1009 71 -892 0
-1009 72 -892 0
-1008 64 -892 0
-1008 65 -892 0
-1008 66 -892 0
-1008 67 -892 0
-1008 68 -892 0
-1008 69 -892 0
-1008 70 -892 0
-1008 71 -892 0
-1008 72 -892 0
-1020 64 -891 0
-1020 65 -891 0
-1020 66 -891 0
-1020 67 -891 0
-1020 68 -891 0
-1020 69 -891 0
-1020 70 -891 0
-1020 71 -891 0
-1020 72 -891 0
-1019 64 -891 0
-1019 65 -891 0
-1019 66 -891 0
-1019 67 -891 0
-1019 68 -891 0
-1019 69 -891 0
-1019 70 -891 0
-1019 71 -891 0
-1019 72 -891 0
-1018 64 -891 0
-1018 65 -891 0
-1018 66 -891 0
-1018 67 -891 0
-1018 68 -891 0
-1018 69 -891 0
-1018 70 -891 0
-1018 71 -891 0
-1018 72 -891 0
-1017 64 -891 0
-1017 65 -891 0
-1017 66 -891 0
-1017 67 -891 0
-1017 68 -891 0
-1017 69 -891 0
-1017 70 -891 0
-1017 71 -891 0
-1017 72 -891 0
-1016 64 -891 0
-1016 65 -891 0
-1016 66 -891 0
-1016 67 -891 0
-1016 68 -891 0
-1016 69 -891 0
-1016 70 -891 0
-1016 71 -891 0
-1016 72 -891 0
-1015 64 -891 0
-1015 65 -891 0
-1015 66 -891 0
-1015 67 -891 0
-1015 68 -891 0
-1015 69 -891 0
-1015 70 -891 0
-1015 71 -891 0
-1015 72 -891 0
-1014 64 -891 0
-1014 65 -891 0
-1014 66 -891 0
-1014 67 -891 0
-1014 68 -891 0
-1014 69 -891 0
-1014 70 -891 0
-1014 71 -891 0
-1014 72 -891 0
-1013 64 -891 0
-1013 65 -891 0
-1013 66 -891 0
-1013 67 -891 0
-1013 68 -891 0
-1013 69 -891 0
-1013 70 -891 0
-1013 71 -891 0
-1013 72 -891 0
-1012 64 -891 0
-1012 65 -891 0
-1012 66 -891 0
-1012 67 -891 0
-1012 68 -891 0
-1012 69 -891 0
-1012 70 -891 0
-1012 71 -891 0
-1012 72 -891 0
-1011 64 -891 0
-1011 65 -891 0
-1011 66 -891 0
-1011 67 -891 0
-1011 68 -891 0
-1011 69 -891 0
-1011 70 -891 0
-1011 71 -891 0
-1011 72 -891 0
-1010 64 -891 0
-1010 65 -891 0
-1010 66 -891 0
-1010 67 -891 0
-1010 68 -891 0
-1010 69 -891 0
-1010 70 -891 0
-1010 71 -891 0
-1010 72 -891 0
-1009 64 -891 0
-1009 65 -891 0
-1009 66 -891 0
-1009 67 -891 0
-1009 68 -891 0
-1009 69 -891 0
-1009 70 -891 0
-1009 71 -891 0
-1009 72 -891 0
-1008 64 -891 0
-1008 65 -891 0
-1008 66 -891 0
-1008 67 -891 0
-1008 68 -891 0
-1008 69 -891 0
-1008 70 -891 0
-1008 71 -891 0
-1008 72 -891 0
-1027 50 -870 0
-1027 51 -870 0
-1027 52 -870 0
-1027 53 -870 0
-1027 54 -870 0
-1027 55 -870 0
-1027 56 -870 0
-1027 57 -870 0
-1027 58 -870 0
-1027 59 -870 0
-1027 60 -870 0
-1026 50 -870 0
-1026 51 -870 0
-1026 52 -870 0
-1026 53 -870 0
-1026 54 -870 0
-1026 55 -870 0
-1026 56 -870 0
-1026 57 -870 0
-1026 58 -870 0
-1026 59 -870 0
-1026 60 -870 0
-1025 50 -870 0
-1025 51 -870 0
-1025 52 -870 0
-1025 53 -870 0
-1025 54 -870 0
-1025 55 -870 0
-1025 56 -870 0
-1025 57 -870 0
-1025 58 -870 0
-1025 59 -870 0
-1025 60 -870 0
-1024 50 -870 0
-1024 51 -870 0
-1024 52 -870 0
-1024 53 -870 0
-1024 54 -870 0
-1024 55 -870 0
-1024 56 -870 0
-1024 57 -870 0
-1024 58 -870 0
-1024 59 -870 0
-1024 60 -870 0
-1023 50 -870 0
-1023 51 -870 0
-1023 52 -870 0
-1023 53 -870 0
-1023 54 -870 0
-1023 55 -870 0
-1023 56 -870 0
-1023 57 -870 0
-1023 58 -870 0
-1023 59 -870 0
-1023 60 -870 0
-1022 50 -870 0
-1022 51 -870 0
-1022 52 -870 0
-1022 53 -870 0
-1022 54 -870 0
-1022 55 -870 0
-1022 56 -870 0
-1022 57 -870 0
-1022 58 -870 0
-1022 59 -870 0
-1022 60 -870 0
-1021 50 -870 0
-1021 51 -870 0
-1021 52 -870 0
-1021 53 -870 0
-1021 54 -870 0
-1021 55 -870 0
-1021 56 -870 0
-1021 57 -870 0
-1021 58 -870 0
-1021 59 -870 0
-1021 60 -870 0
-1020 50 -870 0
-1020 51 -870 0
-1020 52 -870 0
-1020 53 -870 0
-1020 54 -870 0
-1020 55 -870 0
-1020 56 -870 0
-1020 57 -870 0
-1020 58 -870 0
-1020 59 -870 0
-1020 60 -870 0
-1019 50 -870 0
-1019 51 -870 0
-1019 52 -870 0
-1019 53 -870 0
-1019 54 -870 0
-1019 55 -870 0
-1019 56 -870 0
-1019 57 -870 0
-1019 58 -870 0
-1019 59 -870 0
-1019 60 -870 0
-1018 50 -870 0
-1018 51 -870 0
-1018 52 -870 0
-1018 53 -870 0
-1018 54 -870 0
-1018 55 -870 0
-1018 56 -870 0
-1018 57 -870 0
-1018 58 -870 0
-1018 59 -870 0
-1018 60 -870 0
-1017 50 -870 0
-1017 51 -870 0
-1017 52 -870 0
-1017 53 -870 0
-1017 54 -870 0
-1017 55 -870 0
-1017 56 -870 0
-1017 57 -870 0
-1017 58 -870 0
-1017 59 -870 0
-1017 60 -870 0
-1016 50 -870 0
-1016 51 -870 0
-1016 52 -870 0
-1016 53 -870 0
-1016 54 -870 0
-1016 55 -870 0
-1016 56 -870 0
-1016 57 -870 0
-1016 58 -870 0
-1016 59 -870 0
-1016 60 -870 0
-1015 50 -870 0
-1015 51 -870 0
-1015 52 -870 0
-1015 53 -870 0
-1015 54 -870 0
-1015 55 -870 0
-1015 56 -870 0
-1015 57 -870 0
-1015 58 -870 0
-1015 59 -870 0
-1015 60 -870 0
-1027 50 -869 0
-1027 51 -869 0
-1027 52 -869 0
-1027 53 -869 0
-1027 54 -869 0
-1027 55 -869 0
-1027 56 -869 0
-1027 57 -869 0
-1027 58 -869 0
-1027 59 -869 0
-1027 60 -869 0
-1026 50 -869 0
-1026 51 -869 0
-1026 52 -869 0
-1026 53 -869 0
-1026 54 -869 0
-1026 55 -869 0
-1026 56 -869 0
-1026 57 -869 0
-1026 58 -869 0
-1026 59 -869 0
-1026 60 -869 0
-1025 50 -869 0
-1025 51 -869 0
-1025 52 -869 0
-1025 53 -869 0
-1025 54 -869 0
-1025 55 -869 0
-1025 56 -869 0
-1025 57 -869 0
-1025 58 -869 0
-1025 59 -869 0
-1025 60 -869 0
-1024 50 -869 0
-1024 51 -869 0
-1024 52 -869 0
-1024 53 -869 0
-1024 54 -869 0
-1024 55 -869 0
-1024 56 -869 0
-1024 57 -869 0
-1024 58 -869 0
-1024 59 -869 0
-1024 60 -869 0
-1023 50 -869 0
-1023 51 -869 0
-1023 52 -869 0
-1023 53 -869 0
-1023 54 -869 0
-1023 55 -869 0
-1023 56 -869 0
-1023 57 -869 0
-1023 58 -869 0
-1023 59 -869 0
-1023 60 -869 0
-1022 50 -869 0
-1022 51 -869 0
-1022 52 -869 0
-1022 53 -869 0
-1022 54 -869 0
-1022 55 -869 0
-1022 56 -869 0
-1022 57 -869 0
-1022 58 -869 0
-1022 59 -869 0
-1022 60 -869 0
-1021 50 -869 0
-1021 51 -869 0
-1021 52 -869 0
-1021 53 -869 0
-1021 54 -869 0
-1021 55 -869 0
-1021 56 -869 0
-1021 57 -869 0
-1021 58 -869 0
-1021 59 -869 0
-1021 60 -869 0
-1020 50 -869 0
-1020 51 -869 0
-1020 52 -869 0
-1020 53 -869 0
-1020 54 -869 0
-1020 55 -869 0
-1020 56 -869 0
-1020 57 -869 0
-1020 58 -869 0
-1020 59 -869 0
-1020 60 -869 0
-1019 50 -869 0
-1019 51 -869 0
-1019 52 -869 0
-1019 53 -869 0
-1019 54 -869 0
-1019 55 -869 0
-1019 56 -869 0
-1019 57 -869 0
-1019 58 -869 0
-1019 59 -869 0
-1019 60 -869 0
-1018 50 -869 0
-1018 51 -869 0
-1018 52 -869 0
-1018 53 -869 0
-1018 54 -869 0
-1018 55 -869 0
-1018 56 -869 0
-1018 57 -869 0
-1018 58 -869 0
-1018 59 -869 0
-1018 60 -869 0
-1017 50 -869 0
-1017 51 -869 0
-1017 52 -869 0
-1017 53 -869 0
-1017 54 -869 0
-1017 55 -869 0
-1017 56 -869 0
-1017 57 -869 0
-1017 58 -869 0
-1017 59 -869 0
-1017 60 -869 0
-1016 50 -869 0
-1016 51 -869 0
-1016 52 -869 0
-1016 53 -869 0
-1016 54 -869 0
-1016 55 -869 0
-1016 56 -869 0
-1016 57 -869 0
-1016 58 -869 0
-1016 59 -869 0
-1016 60 -869 0
-1015 50 -869 0
-1015 51 -869 0
-1015 52 -869 0
-1015 53 -869 0
-1015 54 -869 0
-1015 55 -869 0
-1015 56 -869 0
-1015 57 -869 0
-1015 58 -869 0
-1015 59 -869 0
-1015 60 -869 0
-1027 50 -868 0
-1027 51 -868 0
-1027 52 -868 0
-1027 53 -868 0
-1027 54 -868 0
-1027 55 -868 0
-1027 56 -868 0
-1027 57 -868 0
-1027 58 -868 0
-1027 59 -868 0
-1027 60 -868 0
-1026 50 -868 0
-1026 51 -868 0
-1026 52 -868 0
-1026 53 -868 0
-1026 54 -868 0
-1026 55 -868 0
-1026 56 -868 0
-1026 57 -868 0
-1026 58 -868 0
-1026 59 -868 0
-1026 60 -868 0
-1025 50 -868 0
-1025 51 -868 0
-1025 52 -868 0
-1025 53 -868 0
-1025 54 -868 0
-1025 55 -868 0
-1025 56 -868 0
-1025 57 -868 0
-1025 58 -868 0
-1025 59 -868 0
-1025 60 -868 0
-1024 50 -868 0
-1024 51 -868 0
-1024 52 -868 0
-1024 53 -868 0
-1024 54 -868 0
-1024 55 -868 0
-1024 56 -868 0
-1024 57 -868 0
-1024 58 -868 1
-1024 59 -868 0
-1024 60 -868 0
-1023 50 -868 0
-1023 51 -868 0
-1023 52 -868 0
-1023 53 -868 0
-1023 54 -868 0
-1023 55 -868 0
-1023 56 -868 0
-1023 57 -868 0
-1023 58 -868 1
-1023 59 -868 0
-1023 60 -868 0
-1022 50 -868 0
-1022 51 -868 0
-1022 52 -868 0
-1022 53 -868 0
-1022 54 -868 0
-1022 55 -868 0
-1022 56 -868 0
-1022 57 -868 0
-1022 58 -868 1
-1022 59 -868 0
-1022 60 -868 0
-1021 50 -868 0
-1021 51 -868 0
-1021 52 -868 0
-1021 53 -868 0
-1021 54 -868 0
-1021 55 -868 0
-1021 56 -868 0
-1021 57 -868 0
-1021 58 -868 1
-1021 59 -868 0
-1021 60 -868 0
-1020 50 -868 0
-1020 51 -868 0
-1020 52 -868 0
-1020 53 -868 0
-1020 54 -868 0
-1020 55 -868 0
-1020 56 -868 0
-1020 57 -868 0
-1020 58 -868 1
-1020 59 -868 0
-1020 60 -868 0
-1019 50 -868 0
-1019 51 -868 0
-1019 52 -868 0
-1019 53 -868 0
-1019 54 -868 0
-1019 55 -868 0
-1019 56 -868 0
-1019 57 -868 0
-1019 58 -868 1
-1019 59 -868 0
-1019 60 -868 0
-1018 50 -868 0
-1018 51 -868 0
-1018 52 -868 0
-1018 53 -868 0
-1018 54 -868 0
-1018 55 -868 0
-1018 56 -868 0
-1018 57 -868 0
-1018 58 -868 1
-1018 59 -868 0
-1018 60 -868 0
-1017 50 -868 0
-1017 51 -868 0
-1017 52 -868 0
-1017 53 -868 0
-1017 54 -868 0
-1017 55 -868 0
-1017 56 -868 0
-1017 57 -868 0
-1017 58 -868 0
-1017 59 -868 0
-1017 60 -868 0
-1016 50 -868 0
-1016 51 -868 0
-1016 52 -868 0
-1016 53 -868 0
-1016 54 -868 0
-1016 55 -868 0
-1016 56 -868 0
-1016 57 -868 0
-1016 58 -868 0
-1016 59 -868 0
-1016 60 -868 0
-1015 50 -868 0
-1015 51 -868 0
-1015 52 -868 0
-1015 53 -868 0
-1015 54 -868 0
-1015 55 -868 0
-1015 56 -868 0
-1015 57 -868 0
-1015 58 -868 0
-1015 59 -868 0
-1015 60 -868 0
-1027 50 -867 0
-1027 51 -867 0
-1027 52 -867 0
-1027 53 -867 0
-1027 54 -867 0
-1027 55 -867 0
-1027 56 -867 0
-1027 57 -867 0
-1027 58 -867 0
-1027 59 -867 0
-1027 60 -867 0
-1026 50 -867 0
-1026 51 -867 0
-1026 52 -867 0
-1026 53 -867 0
-1026 54 -867 0
-1026 55 -867 0
-1026 56 -867 0
-1026 57 -867 0
-1026 58 -867 0
-1026 59 -867 0
-1026 60 -867 0
-1025 50 -867 0
-1025 51 -867 0
-1025 52 -867 0
-1025 53 -867 0
-1025 54 -867 0
-1025 55 -867 0
-1025 56 -867 0
-1025 57 -867 0
-1025 58 -867 1
-1025 59 -867 0
-1025 60 -867 0
-1024 50 -867 0
-1024 51 -867 0
-1024 52 -867 0
-1024 53 -867 0
-1024 54 -867 0
-1024 55 -867 0
-1024 56 -867 0
-1024 57 -867 0
-1024 58 -867 1
-1024 59 -867 0
-1024 60 -867 0
-1023 50 -867 0
-1023 51 -867 0
-1023 52 -867 0
-1023 53 -867 0
-1023 54 -867 0
-1023 55 -867 0
-1023 56 -867 0
-1023 57 -867 0
-1023 58 -867 1
-1023 59 -867 0
-1023 60 -867 0
-1022 50 -867 0
-1022 51 -867 0
-1022 52 -867 0
-1022 53 -867 0
-1022 54 -867 0
-1022 55 -867 0
-1022 56 -867 0
-1022 57 -867 1
-1022 58 -867 1
-1022 59 -867 0
-1022 60 -867 0
-1021 50 -867 0
-1021 51 -867 0
-1021 52 -867 0
-1021 53 -867 0
-1021 54 -867 0
-1021 55 -867 0
-1021 56 -867 0
-1021 57 -867 1
-1021 58 -867 1
-1021 59 -867 0
-1021 60 -867 0
-1020 50 -867 0
-1020 51 -867 0
-1020 52 -867 0
-1020 53 -867 0
-1020 54 -867 0
-1020 55 -867 0
-1020 56 -867 0
-1020 57 -867 1
-1020 58 -867 1
-1020 59 -867 0
-1020 60 -867 0
-1019 50 -867 0
-1019 51 -867 0
-1019 52 -867 0
-1019 53 -867 0
-1019 54 -867 0
-1019 55 -867 0
-1019 56 -867 0
-1019 57 -867 0
-1019 58 -867 1
-1019 59 -867 0
-1019 60 -867 0
-1018 50 -867 0
-1018 51 -867 0
-1018 52 -867 0
-1018 53 -867 0
-1018 54 -867 0
-1018 55 -867 0
-1018 56 -867 0
-1018 57 -867 0
-1018 58 -867 1
-1018 59 -867 0
-1018 60 -867 0
-1017 50 -867 0
-1017 51 -867 0
-1017 52 -867 0
-1017 53 -867 0
-1017 54 -867 0
-1017 55 -867 0
-1017 56 -867 0
-1017 57 -867 0
-1017 58 -867 1
-1017 59 -867 0
-1017 60 -867 0
-1016 50 -867 0
-1016 51 -867 0
-1016 52 -867 0
-1016 53 -867 0
-1016 54 -867 0
-1016 55 -867 0
-1016 56 -867 0
-1016 57 -867 0
-1016 58 -867 0
-1016 59 -867 0
-1016 60 -867 0
-1015 50 -867 0
-1015 51 -867 0
-1015 52 -867 0
-1015 53 -867 0
-1015 54 -867 0
-1015 55 -867 0
-1015 56 -867 0
-1015 57 -867 0
-1015 58 -867 0
-1015 59 -867 0
-1015 60 -867 0
-1027 50 -866 0
-1027 51 -866 0
-1027 52 -866 0
-1027 53 -866 0
-1027 54 -866 0
-1027 55 -866 0
-1027 56 -866 0
-1027 57 -866 0
-1027 58 -866 0
-1027 59 -866 0
-1027 60 -866 0
-1026 50 -866 0
-1026 51 -866 0
-1026 52 -866 0
-1026 53 -866 0
-1026 54 -866 0
-1026 55 -866 0
-1026 56 -866 0
-1026 57 -866 0
-1026 58 -866 0
-1026 59 -866 0
-1026 60 -866 0
-1025 50 -866 0
-1025 51 -866 0
-1025 52 -866 0
-1025 53 -866 0
-1025 54 -866 0
-1025 55 -866 0
-1025 56 -866 0
-1025 57 -866 0
-1025 58 -866 1
-1025 59 -866 0
-1025 60 -866 0
-1024 50 -866 0
-1024 51 -866 0
-1024 52 -866 0
-1024 53 -866 0
-1024 54 -866 0
-1024 55 -866 0
-1024 56 -866 0
-1024 57 -866 0
-1024 58 -866 1
-1024 59 -866 0
-1024 60 -866 0
-1023 50 -866 0
-1023 51 -866 0
-1023 52 -866 0
-1023 53 -866 0
-1023 54 -866 0
-1023 55 -866 0
-1023 56 -866 1
-1023 57 -866 1
-1023 58 -866 1
-1023 59 -866 0
-1023 60 -866 0
-1022 50 -866 0
-1022 51 -866 0
-1022 52 -866 0
-1022 53 -866 0
-1022 54 -866 0
-1022 55 -866 1
-1022 56 -866 1
-1022 57 -866 1
-1022 58 -866 1
-1022 59 -866 0
-1022 60 -866 0
-1021 50 -866 0
-1021 51 -866 0
-1021 52 -866 0
-1021 53 -866 0
-1021 54 -866 0
-1021 55 -866 1
-1021 56 -866 1
-1021 57 -866 1
-1021 58 -866 1
-1021 59 -866 0
-1021 60 -866 0
-1020 50 -866 0
-1020 51 -866 0
-1020 52 -866 0
-1020 53 -866 0
-1020 54 -866 0
-1020 55 -866 1
-1020 56 -866 1
-1020 57 -866 1
-1020 58 -866 1
-1020 59 -866 0
-1020 60 -866 0
-1019 50 -866 0
-1019 51 -866 0
-1019 52 -866 0
-1019 53 -866 0
-1019 54 -866 0
-1019 55 -866 0
-1019 56 -866 1
-1019 57 -866 1
-1019 58 -866 1
-1019 59 -866 0
-1019 60 -866 0
-1018 50 -866 0
-1018 51 -866 0
-1018 52 -866 0
-1018 53 -866 0
-1018 54 -866 0
-1018 55 -866 0
-1018 56 -866 0
-1018 57 -866 0
-1018 58 -866 1
-1018 59 -866 0
-1018 60 -866 0
-1017 50 -866 0
-1017 51 -866 0
-1017 52 -866 0
-1017 53 -866 0
-1017 54 -866 0
-1017 55 -866 0
-1017 56 -866 0
-1017 57 -866 0
-1017 58 -866 1
-1017 59 -866 0
-1017 60 -866 0
-1016 50 -866 0
-1016 51 -866 0
-1016 52 -866 0
-1016 53 -866 0
-1016 54 -866 0
-1016 55 -866 0
-1016 56 -866 0
-1016 57 -866 0
-1016 58 -866 0
-1016 59 -866 0
-1016 60 -866 0
-1015 50 -866 0
-1015 51 -866 0
-1015 52 -866 0
-1015 53 -866 0
-1015 54 -866 0
-1015 55 -866 0
-1015 56 -866 0
-1015 57 -866 0
-1015 58 -866 0
-1015 59 -866 0
-1015 60 -866 0
-1027 50 -865 0
-1027 51 -865 0
-1027 52 -865 0
-1027 53 -865 0
-1027 54 -865 0
-1027 55 -865 0
-1027 56 -865 0
-1027 57 -865 0
-1027 58 -865 0
-1027 59 -865 0
-1027 60 -865 0
-1026 50 -865 0
-1026 51 -865 0
-1026 52 -865 0
-1026 53 -865 0
-1026 54 -865 0
-1026 55 -865 0
-1026 56 -865 0
-1026 57 -865 0
-1026 58 -865 0
-1026 59 -865 0
-1026 60 -865 0
-1025 50 -865 0
-1025 51 -865 0
-1025 52 -865 0
-1025 53 -865 0
-1025 54 -865 0
-1025 55 -865 0
-1025 56 -865 0
-1025 57 -865 0
-1025 58 -865 1
-1025 59 -865 0
-1025 60 -865 0
-1024 50 -865 0
-1024 51 -865 0
-1024 52 -865 0
-1024 53 -865 0
-1024 54 -865 0
-1024 55 -865 0
-1024 56 -865 0
-1024 57 -865 1
-1024 58 -865 1
-1024 59 -865 0
-1024 60 -865 0
-1023 50 -865 0
-1023 51 -865 0
-1023 52 -865 0
-1023 53 -865 0
-1023 54 -865 0
-1023 55 -865 1
-1023 56 -865 1
-1023 57 -865 1
-1023 58 -865 1
-1023 59 -865 0
-1023 60 -865 0
-1022 50 -865 0
-1022 51 -865 0
-1022 52 -865 0
-1022 53 -865 0
-1022 54 -865 1
-1022 55 -865 1
-1022 56 -865 1
-1022 57 -865 1
-1022 58 -865 1
-1022 59 -865 0
-1022 60 -865 0
-1021 50 -865 0
-1021 51 -865 0
-1021 52 -865 0
-1021 53 -865 0
-1021 54 -865 1
-1021 55 -865 1
-1021 56 -865 1
-1021 57 -865 1
-1021 58 -865 1
-1021 59 -865 0
-1021 60 -865 0
-1020 50 -865 0
-1020 51 -865 0
-1020 52 -865 0
-1020 53 -865 0
-1020 54 -865 1
-1020 55 -865 1
-1020 56 -865 1
-1020 57 -865 1
-1020 58 -865 1
-1020 59 -865 0
-1020 60 -865 0
-1019 50 -865 0
-1019 51 -865 0
-1019 52 -865 0
-1019 53 -865 0
-1019 54 -865 0
-1019 55 -865 1
-1019 56 -865 1
-1019 57 -865 1
-1019 58 -865 1
-1019 59 -865 0
-1019 60 -865 0
-1018 50 -865 0
-1018 51 -865 0
-1018 52 -865 0
-1018 53 -865 0
-1018 54 -865 0
-1018 55 -865 0
-1018 56 -865 0
-1018 57 -865 1
-1018 58 -865 1
-1018 59 -865 0
-1018 60 -865 0
-1017 50 -865 0
-1017 51 -865 0
-1017 52 -865 0
-1017 53 -865 0
-1017 54 -865 0
-1017 55 -865 0
-1017 56 -865 0
-1017 57 -865 0
-1017 58 -865 1
-1017 59 -865 0
-1017 60 -865 0
-1016 50 -865 0
-1016 51 -865 0
-1016 52 -865 0
-1016 53 -865 0
-1016 54 -865 0
-1016 55 -865 0
-1016 56 -865 0
-1016 57 -865 0
-1016 58 -865 0
-1016 59 -865 0
-1016 60 -865 0
-1015 50 -865 0
-1015 51 -865 0
-1015 52 -865 0
-1015 53 -865 0
-1015 54 -865 0
-1015 55 -865 0
-1015 56 -865 0
-1015 57 -865 0
-1015 58 -865 0
-1015 59 -865 0
-1015 60 -865 0
-1027 50 -864 0
-1027 51 -864 0
-1027 52 -864 0
-1027 53 -864 0
-1027 54 -864 0
-1027 55 -864 0
-1027 56 -864 0
-1027 57 -864 0
-1027 58 -864 0
-1027 59 -864 0
-1027 60 -864 0
-1026 50 -864 0
-1026 51 -864 0
-1026 52 -864 0
-1026 53 -864 0
-1026 54 -864 0
-1026 55 -864 0
-1026 56 -864 0
-1026 57 -864 0
-1026 58 -864 0
-1026 59 -864 0
-1026 60 -864 0
-1025 50 -864 0
-1025 51 -864 0
-1025 52 -864 0
-1025 53 -864 0
-1025 54 -864 0
-1025 55 -864 0
-1025 56 -864 0
-1025 57 -864 0
-1025 58 -864 1
-1025 59 -864 0
-1025 60 -864 0
-1024 50 -864 0
-1024 51 -864 0
-1024 52 -864 0
-1024 53 -864 0
-1024 54 -864 0
-1024 55 -864 0
-1024 56 -864 0
-1024 57 -864 1
-1024 58 -864 1
-1024 59 -864 0
-1024 60 -864 0
-1023 50 -864 0
-1023 51 -864 0
-1023 52 -864 0
-1023 53 -864 0
-1023 54 -864 0
-1023 55 -864 1
-1023 56 -864 1
-1023 57 -864 1
-1023 58 -864 1
-1023 59 -864 0
-1023 60 -864 0
-1022 50 -864 0
-1022 51 -864 0
-1022 52 -864 0
-1022 53 -864 0
-1022 54 -864 1
-1022 55 -864 1
-1022 56 -864 1
-1022 57 -864 1
-1022 58 -864 1
-1022 59 -864 0
-1022 60 -864 0
-1021 50 -864 0
-1021 51 -864 0
-1021 52 -864 0
-1021 53 -864 0
-1021 54 -864 1
-1021 55 -864 1
-1021 56 -864 1
-1021 57 -864 1
-1021 58 -864 1
-1021 59 -864 0
-1021 60 -864 0
-1020 50 -864 0
-1020 51 -864 0
-1020 52 -864 0
-1020 53 -864 0
-1020 54 -864 1
-1020 55 -864 1
-1020 56 -864 1
-1020 57 -864 1
-1020 58 -864 1
-1020 59 -864 0
-1020 60 -864 0
-1019 50 -864 0
-1019 51 -864 0
-1019 52 -864 0
-1019 53 -864 0
-1019 54 -864 0
-1019 55 -864 1
-1019 56 -864 1
-1019 57 -864 1
-1019 58 -864 1
-1019 59 -864 0
-1019 60 -864 0
-1018 50 -864 0
-1018 51 -864 0
-1018 52 -864 0
-1018 53 -864 0
-1018 54 -864 0
-1018 55 -864 0
-1018 56 -864 0
-1018 57 -864 1
-1018 58 -864 1
-1018 59 -864 0
-1018 60 -864 0
-1017 50 -864 0
-1017 51 -864 0
-1017 52 -864 0
-1017 53 -864 0
-1017 54 -864 0
-1017 55 -864 0
-1017 56 -864 0
-1017 57 -864 0
-1017 58 -864 1
-1017 59 -864 0
-1017 60 -864 0
-1016 50 -864 0
-1016 51 -864 0
-1016 52 -864 0
-1016 53 -864 0
-1016 54 -864 0
-1016 55 -864 0
-1016 56 -864 0
-1016 57 -864 0
-1016 58 -864 0
-1016 59 -864 0
-1016 60 -864 0
-1015 50 -864 0
-1015 51 -864 0
-1015 52 -864 0
-1015 53 -864 0
-1015 54 -864 0
-1015 55 -864 0
-1015 56 -864 0
-1015 57 -864 0
-1015 58 -864 0
-1015 59 -864 0
-1015 60 -864 0
-1027 50 -863 0
-1027 51 -863 0
-1027 52 -863 0
-1027 53 -863 0
-1027 54 -863 0
-1027 55 -863 0
-1027 56 -863 0
-1027 57 -863 0
-1027 58 -863 0
-1027 59 -863 0
-1027 60 -863 0
-1026 50 -863 0
-1026 51 -863 0
-1026 52 -863 0
-1026 53 -863 0
-1026 54 -863 0
-1026 55 -863 0
-1026 56 -863 0
-1026 57 -863 0
-1026 58 -863 0
-1026 59 -863 0
-1026 60 -863 0
-1025 50 -863 0
-1025 51 -863 0
-1025 52 -863 0
-1025 53 -863 0
-1025 54 -863 0
-1025 55 -863 0
-1025 56 -863 0
-1025 57 -863 0
-1025 58 -863 1
-1025 59 -863 0
-1025 60 -863 0
-1024 50 -863 0
-1024 51 -863 0
-1024 52 -863 0
-1024 53 -863 0
-1024 54 -863 0
-1024 55 -863 0
-1024 56 -863 0
-1024 57 -863 1
-1024 58 -863 1
-1024 59 -863 0
-1024 60 -863 0
-1023 50 -863 0
-1023 51 -863 0
-1023 52 -863 0
-1023 53 -863 0
-1023 54 -863 0
-1023 55 -863 1
-1023 56 -863 1
-1023 57 -863 1
-1023 58 -863 1
-1023 59 -863 0
-1023 60 -863 0
-1022 50 -863 0
-1022 51 -863 0
-1022 52 -863 0
-1022 53 -863 0
-1022 54 -863 1
-1022 55 -863 1
-1022 56 -863 1
-1022 57 -863 1
-1022 58 -863 1
-1022 59 -863 0
-1022 60 -863 0
-1021 50 -863 0
-1021 51 -863 0
-1021 52 -863 0
-1021 53 -863 0
-1021 54 -863 1
-1021 55 -863 1
-1021 56 -863 1
-1021 57 -863 1
-1021 58 -863 1
-1021 59 -863 0
-1021 60 -863 0
-1020 50 -863 0
-1020 51 -863 0
-1020 52 -863 0
-1020 53 -863 0
-1020 54 -863 1
-1020 55 -863 1
-1020 56 -863 1
-1020 57 -863 1
-1020 58 -863 1
-1020 59 -863 0
-1020 60 -863 0
-1019 50 -863 0
-1019 51 -863 0
-1019 52 -863 0
-1019 53 -863 0
-1019 54 -863 0
-1019 55 -863 1
-1019 56 -863 1
-1019 57 -863 1
-1019 58 -863 1
-1019 59 -863 0
-1019 60 -863 0
-1018 50 -863 0
-1018 51 -863 0
-1018 52 -863 0
-1018 53 -863 0
-1018 54 -863 0
-1018 55 -863 0
-1018 56 -863 0
-1018 57 -863 1
-1018 58 -863 1
-1018 59 -863 0
-1018 60 -863 0
-1017 50 -863 0
-1017 51 -863 0
-1017 52 -863 0
-1017 53 -863 0
-1017 54 -863 0
-1017 55 -863 0
-1017 56 -863 0
-1017 57 -863 0
-1017 58 -863 1
-1017 59 -863 0
-1017 60 -863 0
-1016 50 -863 0
-1016 51 -863 0
-1016 52 -863 0
-1016 53 -863 0
-1016 54 -863 0
-1016 55 -863 0
-1016 56 -863 0
-1016 57 -863 0
-1016 58 -863 0
-1016 59 -863 0
-1016 60 -863 0
-1015 50 -863 0
-1015 51 -863 0
-1015 52 -863 0
-1015 53 -863 0
-1015 54 -863 0
-1015 55 -863 0
-1015 56 -863 0
-1015 57 -863 0
-1015 58 -863 0
-1015 59 -863 0
-1015 60 -863 0
-1027 50 -862 0
-1027 51 -862 0
-1027 52 -862 0
-1027 53 -862 0
-1027 54 -862 0
-1027 55 -862 0
-1027 56 -862 0
-1027 57 -862 0
-1027 58 -862 0
-1027 59 -862 0
-1027 60 -862 0
-1026 50 -862 0
-1026 51 -862 0
-1026 52 -862 0
-1026 53 -862 0
-1026 54 -862 0
-1026 55 -862 0
-1026 56 -862 0
-1026 57 -862 0
-1026 58 -862 0
-1026 59 -862 0
-1026 60 -862 0
-1025 50 -862 0
-1025 51 -862 0
-1025 52 -862 0
-1025 53 -862 0
-1025 54 -862 0
-1025 55 -862 0
-1025 56 -862 0
-1025 57 -862 0
-1025 58 -862 1
-1025 59 -862 0
-1025 60 -862 0
-1024 50 -862 0
-1024 51 -862 0
-1024 52 -862 0
-1024 53 -862 0
-1024 54 -862 0
-1024 55 -862 0
-1024 56 -862 0
-1024 57 -862 0
-1024 58 -862 1
-1024 59 -862 0
-1024 60 -862 0
-1023 50 -862 0
-1023 51 -862 0
-1023 52 -862 0
-1023 53 -862 0
-1023 54 -862 0
-1023 55 -862 0
-1023 56 -862 1
-1023 57 -862 1
-1023 58 -862 1
-1023 59 -862 0
-1023 60 -862 0
-1022 50 -862 0
-1022 51 -862 0
-1022 52 -862 0
-1022 53 -862 0
-1022 54 -862 0
-1022 55 -862 1
-1022 56 -862 1
-1022 57 -862 1
-1022 58 -862 1
-1022 59 -862 0
-1022 60 -862 0
-1021 50 -862 0
-1021 51 -862 0
-1021 52 -862 0
-1021 53 -862 0
-1021 54 -862 0
-1021 55 -862 1
-1021 56 -862 1
-1021 57 -862 1
-1021 58 -862 1
-1021 59 -862 0
-1021 60 -862 0
-1020 50 -862 0
-1020 51 -862 0
-1020 52 -862 0
-1020 53 -862 0
-1020 54 -862 0
-1020 55 -862 1
-1020 56 -862 1
-1020 57 -862 1
-1020 58 -862 1
-1020 59 -862 0
-1020 60 -862 0
-1019 50 -862 0
-1019 51 -862 0
-1019 52 -862 0
-1019 53 -862 0
-1019 54 -862 0
-1019 55 -862 0
-1019 56 -862 1
-1019 57 -862 1
-1019 58 -862 1
-1019 59 -862 0
-1019 60 -862 0
-1018 50 -862 0
-1018 51 -862 0
-1018 52 -862 0
-1018 53 -862 0
-1018 54 -862 0
-1018 55 -862 0
-1018 56 -862 0
-1018 57 -862 0
-1018 58 -862 1
-1018 59 -862 0
-1018 60 -862 0
-1017 50 -862 0
-1017 51 -862 0
-1017 52 -862 0
-1017 53 -862 0
-1017 54 -862 0
-1017 55 -862 0
-1017 56 -862 0
-1017 57 -862 0
-1017 58 -862 1
-1017 59 -862 0
-1017 60 -862 0
-1016 50 -862 0
-1016 51 -862 0
-1016 52 -862 0
-1016 53 -862 0
-1016 54 -862 0
-1016 55 -862 0
-1016 56 -862 0
-1016 57 -862 0
-1016 58 -862 0
-1016 59 -862 0
-1016 60 -862 0
-1015 50 -862 0
-1015 51 -862 0
-1015 52 -862 0
-1015 53 -862 0
-1015 54 -862 0
-1015 55 -862 0
-1015 56 -862 0
-1015 57 -862 0
-1015 58 -862 0
-1015 59 -862 0
-1015 60 -862 0
-1027 50 -861 0
-1027 51 -861 0
-1027 52 -861 0
-1027 53 -861 0
-1027 54 -861 0
-1027 55 -861 0
-1027 56 -861 0
-1027 57 -861 0
-1027 58 -861 0
-1027 59 -861 0
-1027 60 -861 0
-1026 50 -861 0
-1026 51 -861 0
-1026 52 -861 0
-1026 53 -861 0
-1026 54 -861 0
-1026 55 -861 0
-1026 56 -861 0
-1026 57 -861 0
-1026 58 -861 0
-1026 59 -861 0
-1026 60 -861 0
-1025 50 -861 0
-1025 51 -861 0
-1025 52 -861 0
-1025 53 -861 0
-1025 54 -861 0
-1025 55 -861 0
-1025 56 -861 0
-1025 57 -861 0
-1025 58 -861 1
-1025 59 -861 0
-1025 60 -861 0
-1024 50 -861 0
-1024 51 -861 0
-1024 52 -861 0
-1024 53 -861 0
-1024 54 -861 0
-1024 55 -861 0
-1024 56 -861 0
-1024 57 -861 0
-1024 58 -861 1
-1024 59 -861 0
-1024 60 -861 0
-1023 50 -861 0
-1023 51 -861 0
-1023 52 -861 0
-1023 53 -861 0
-1023 54 -861 0
-1023 55 -861 0
-1023 56 -861 0
-1023 57 -861 0
-1023 58 -861 1
-1023 59 -861 0
-1023 60 -861 0
-1022 50 -861 0
-1022 51 -861 0
-1022 52 -861 0
-1022 53 -861 0
-1022 54 -861 0
-1022 55 -861 0
-1022 56 -861 0
-1022 57 -861 1
-1022 58 -861 1
-1022 59 -861 0
-1022 60 -861 0
-1021 50 -861 0
-1021 51 -861 0
-1021 52 -861 0
-1021 53 -861 0
-1021 54 -861 0
-1021 55 -861 0
-1021 56 -861 0
-1021 57 -861 1
-1021 58 -861 1
-1021 59 -861 0
-1021 60 -861 0
-1020 50 -861 0
-1020 51 -861 0
-1020 52 -861 0
-1020 53 -861 0
-1020 54 -861 0
-1020 55 -861 0
-1020 56 -861 0
-1020 57 -861 1
-1020 58 -861 1
-1020 59 -861 0
-1020 60 -861 0
-1019 50 -861 0
-1019 51 -861 0
-1019 52 -861 0
-1019 53 -861 0
-1019 54 -861 0
-1019 55 -861 0
-1019 56 -861 0
-1019 57 -861 0
-1019 58 -861 1
-1019 59 -861 0
-1019 60 -861 0
-1018 50 -861 0
-1018 51 -861 0
-1018 52 -861 0
-1018 53 -861 0
-1018 54 -861 0
-1018 55 -861 0
-1018 56 -861 0
-1018 57 -861 0
-1018 58 -861 1
-1018 59 -861 0
-1018 60 -861 0
-1017 50 -861 0
-1017 51 -861 0
-1017 52 -861 0
-1017 53 -861 0
-1017 54 -861 0
-1017 55 -861 0
-1017 56 -861 0
-1017 57 -861 0
-1017 58 -861 1
-1017 59 -861 0
-1017 60 -861 0
-1016 50 -861 0
-1016 51 -861 0
-1016 52 -861 0
-1016 53 -861 0
-1016 54 -861 0
-1016 55 -861 0
-1016 56 -861 0
-1016 57 -861 0
-1016 58 -861 0
-1016 59 -861 0
-1016 60 -861 0
-1015 50 -861 0
-1015 51 -861 0
-1015 52 -861 0
-1015 53 -861 0
-1015 54 -861 0
-1015 55 -861 0
-1015 56 -861 0
-1015 57 -861 0
-1015 58 -861 0
-1015 59 -861 0
-1015 60 -861 0
-1027 50 -860 0
-1027 51 -860 0
-1027 52 -860 0
-1027 53 -860 0
-1027 54 -860 0
-1027 55 -860 0
-1027 56 -860 0
-1027 57 -860 0
-1027 58 -860 0
-1027 59 -860 0
-1027 60 -860 0
-1026 50 -860 0
-1026 51 -860 0
-1026 52 -860 0
-1026 53 -860 0
-1026 54 -860 0
-1026 55 -860 0
-1026 56 -860 0
-1026 57 -860 0
-1026 58 -860 0
-1026 59 -860 0
-1026 60 -860 0
-1025 50 -860 0
-1025 51 -860 0
-1025 52 -860 0
-1025 53 -860 0
-1025 54 -860 0
-1025 55 -860 0
-1025 56 -860 0
-1025 57 -860 0
-1025 58 -860 0
-1025 59 -860 0
-1025 60 -860 0
-1024 50 -860 0
-1024 51 -860 0
-1024 52 -860 0
-1024 53 -860 0
-1024 54 -860 0
-1024 55 -860 0
-1024 56 -860 0
-1024 57 -860 0
-1024 58 -860 1
-1024 59 -860 0
-1024 60 -860 0
-1023 50 -860 0
-1023 51 -860 0
-1023 52 -860 0
-1023 53 -860 0
-1023 54 -860 0
-1023 55 -860 0
-1023 56 -860 0
-1023 57 -860 0
-1023 58 -860 1
-1023 59 -860 0
-1023 60 -860 0
-1022 50 -860 0
-1022 51 -860 0
-1022 52 -860 0
-1022 53 -860 0
-1022 54 -860 0
-1022 55 -860 0
-1022 56 -860 0
-1022 57 -860 0
-1022 58 -860 1
-1022 59 -860 0
-1022 60 -860 0
-1021 50 -860 0
-1021 51 -860 0
-1021 52 -860 0
-1021 53 -860 0
-1021 54 -860 0
-1021 55 -860 0
-1021 56 -860 0
-1021 57 -860 0
-1021 58 -860 1
-1021 59 -860 0
-1021 60 -860 0
-1020 50 -860 0
-1020 51 -860 0
-1020 52 -860 0
-1020 53 -860 0
-1020 54 -860 0
-1020 55 -860 0
-1020 56 -860 0
-1020 57 -860 0
-1020 58 -860 1
-1020 59 -860 0
-1020 60 -860 0
-1019 50 -860 0
-1019 51 -860 0
-1019 52 -860 0
-1019 53 -860 0
-1019 54 -860 0
-1019 55 -860 0
-1019 56 -860 0
-1019 57 -860 0
-1019 58 -860 1
-1019 59 -860 0
-1019 60 -860 0
-1018 50 -860 0
-1018 51 -860 0
-1018 52 -860 0
-1018 53 -860 0
-1018 54 -860 0
-1018 55 -860 0
-1018 56 -860 0
-1018 57 -860 0
-1018 58 -860 1
-1018 59 -860 0
-1018 60 -860 0
-1017 50 -860 0
-1017 51 -860 0
-1017 52 -860 0
-1017 53 -860 0
-1017 54 -860 0
-1017 55 -860 0
-1017 56 -860 0
-1017 57 -860 0
-1017 58 -860 0
-1017 59 -860 0
-1017 60 -860 0
-1016 50 -860 0
-1016 51 -860 0
-1016 52 -860 0
-1016 53 -860 0
-1016 54 -860 0
-1016 55 -860 0
-1016 56 -860 0
-1016 57 -860 0
-1016 58 -860 0
-1016 59 -860 0
-1016 60 -860 0
-1015 50 -860 0
-1015 51 -860 0
-1015 52 -860 0
-1015 53 -860 0
-1015 54 -860 0
-1015 55 -860 0
-1015 56 -860 0
-1015 57 -860 0
-1015 58 -860 0
-1015 59 -860 0
-1015 60 -860 0
-1027 50 -859 0
-1027 51 -859 0
-1027 52 -859 0
-1027 53 -859 0
-1027 54 -859 0
-1027 55 -859 0
-1027 56 -859 0
-1027 57 -859 0
-1027 58 -859 0
-1027 59 -859 0
-1027 60 -859 0
-1026 50 -859 0
-1026 51 -859 0
-1026 52 -859 0
-1026 53 -859 0
-1026 54 -859 0
-1026 55 -859 0
-1026 56 -859 0
-1026 57 -859 0
-1026 58 -859 0
-1026 59 -859 0
-1026 60 -859 0
-1025 50 -859 0
-1025 51 -859 0
-1025 52 -859 0
-1025 53 -859 0
-1025 54 -859 0
-1025 55 -859 0
-1025 56 -859 0
-1025 57 -859 0
-1025 58 -859 0
-1025 59 -859 0
-1025 60 -859 0
-1024 50 -859 0
-1024 51 -859 0
-1024 52 -859 0
-1024 53 -859 0
-1024 54 -859 0
-1024 55 -859 0
-1024 56 -859 0
-1024 57 -859 0
-1024 58 -859 0
-1024 59 -859 0
-1024 60 -859 0
-1023 50 -859 0
-1023 51 -859 0
-1023 52 -859 0
-1023 53 -859 0
-1023 54 -859 0
-1023 55 -859 0
-1023 56 -859 0
-1023 57 -859 0
-1023 58 -859 0
-1023 59 -859 0
-1023 60 -859 0
-1022 50 -859 0
-1022 51 -859 0
-1022 52 -859 0
-1022 53 -859 0
-1022 54 -859 0
-1022 55 -859 0
-1022 56 -859 0
-1022 57 -859 0
-1022 58 -859 0
-1022 59 -859 0
-1022 60 -859 0
-1021 50 -859 0
-1021 51 -859 0
-1021 52 -859 0
-1021 53 -859 0
-1021 54 -859 0
-1021 55 -859 0
-1021 56 -859 0
-1021 57 -859 0
-1021 58 -859 0
-1021 59 -859 0
-1021 60 -859 0
-1020 50 -859 0
-1020 51 -859 0
-1020 52 -859 0
-1020 53 -859 0
-1020 54 -859 0
-1020 55 -859 0
-1020 56 -859 0
-1020 57 -859 0
-1020 58 -859 0
-1020 59 -859 0
-1020 60 -859 0
-1019 50 -859 0
-1019 51 -859 0
-1019 52 -859 0
-1019 53 -859 0
-1019 54 -859 0
-1019 55 -859 0
-1019 56 -859 0
-1019 57 -859 0
-1019 58 -859 0
-1019 59 -859 0
-1019 60 -859 0
-1018 50 -859 0
-1018 51 -859 0
-1018 52 -859 0
-1018 53 -859 0
-1018 54 -859 0
-1018 55 -859 0
-1018 56 -859 0
-1018 57 -859 0
-1018 58 -859 0
-1018 59 -859 0
-1018 60 -859 0
-1017 50 -859 0
-1017 51 -859 0
-1017 52 -859 0
-1017 53 -859 0
-1017 54 -859 0
-1017 55 -859 0
-1017 56 -859 0
-1017 57 -859 0
-1017 58 -859 0
-1017 59 -859 0
-1017 60 -859 0
-1016 50 -859 0
-1016 51 -859 0
-1016 52 -859 0
-1016 53 -859 0
-1016 54 -859 0
-1016 55 -859 0
-1016 56 -859 0
-1016 57 -859 0
-1016 58 -859 0
-1016 59 -859 0
-1016 60 -859 0
-1015 50 -859 0
-1015 51 -859 0
-1015 52 -859 0
-1015 53 -859 0
-1015 54 -859 0
-1015 55 -859 0
-1015 56 -859 0
-1015 57 -859 0
-1015 58 -859 0
-1015 59 -859 0
-1015 60 -859 0
-1027 50 -858 0
-1027 51 -858 0
-1027 52 -858 0
-1027 53 -858 0
-1027 54 -858 0
-1027 55 -858 0
-1027 56 -858 0
-1027 57 -858 0
-1027 58 -858 0
-1027 59 -858 0
-1027 60 -858 0
-1026 50 -858 0
-1026 51 -858 0
-1026 52 -858 0
-1026 53 -858 0
-1026 54 -858 0
-1026 55 -858 0
-1026 56 -858 0
-1026 57 -858 0
-1026 58 -858 0
-1026 59 -858 0
-1026 60 -858 0
-1025 50 -858 0
-1025 51 -858 0
-1025 52 -858 0
-1025 53 -858 0
-1025 54 -858 0
-1025 55 -858 0
-1025 56 -858 0
-1025 57 -858 0
-1025 58 -858 0
-1025 59 -858 0
-1025 60 -858 0
-1024 50 -858 0
-1024 51 -858 0
-1024 52 -858 0
-1024 53 -858 0
-1024 54 -858 0
-1024 55 -858 0
-1024 56 -858 0
-1024 57 -858 0
-1024 58 -858 0
-1024 59 -858 0
-1024 60 -858 0
-1023 50 -858 0
-1023 51 -858 0
-1023 52 -858 0
-1023 53 -858 0
-1023 54 -858 0
-1023 55 -858 0
-1023 56 -858 0
-1023 57 -858 0
-1023 58 -858 0
-1023 59 -858 0
-1023 60 -858 0
-1022 50 -858 0
-1022 51 -858 0
-1022 52 -858 0
-1022 53 -858 0
-1022 54 -858 0
-1022 55 -858 0
-1022 56 -858 0
-1022 57 -858 0
-1022 58 -858 0
-1022 59 -858 0
-1022 60 -858 0
-1021 50 -858 0
-1021 51 -858 0
-1021 52 -858 0
-1021 53 -858 0
-1021 54 -858 0
-1021 55 -858 0
-1021 56 -858 0
-1021 57 -858 0
-1021 58 -858 0
-1021 59 -858 0
-1021 60 -858 0
-1020 50 -858 0
-1020 51 -858 0
-1020 52 -858 0
-1020 53 -858 0
-1020 54 -858 0
-1020 55 -858 0
-1020 56 -858 0
-1020 57 -858 0
-1020 58 -858 0
-1020 59 -858 0
-1020 60 -858 0
-1019 50 -858 0
-1019 51 -858 0
-1019 52 -858 0
-1019 53 -858 0
-1019 54 -858 0
-1019 55 -858 0
-1019 56 -858 0
-1019 57 -858 0
-1019 58 -858 0
-1019 59 -858 0
-1019 60 -858 0
-1018 50 -858 0
-1018 51 -858 0
-1018 52 -858 0
-1018 53 -858 0
-1018 54 -858 0
-1018 55 -858 0
-1018 56 -858 0
-1018 57 -858 0
-1018 58 -858 0
-1018 59 -858 0
-1018 60 -858 0
-1017 50 -858 0
-1017 51 -858 0
-1017 52 -858 0
-1017 53 -858 0
-1017 54 -858 0
-1017 55 -858 0
-1017 56 -858 0
-1017 57 -858 0
-1017 58 -858 0
-1017 59 -858 0
-1017 60 -858 0
-1016 50 -858 0
-1016 51 -858 0
-1016 52 -858 0
-1016 53 -858 0
-1016 54 -858 0
-1016 55 -858 0
-1016 56 -858 0
-1016 57 -858 0
-1016 58 -858 0
-1016 59 -858 0
-1016 60 -858 0
-1015 50 -858 0
-1015 51 -858 0
-1015 52 -858 0
-1015 53 -858 0
-1015 54 -858 0
-1015 55 -858 0
-1015 56 -858 0
-1015 57 -858 0
-1015 58 -858 0
-1015 59 -858 0
-1015 60 -858 0
